r20
r21
r383
r384
r385
r386
r387
r388
r389
9
10
11
12
13
14
15
16
17
18
19
22
23
24
25
26
27
28
29
30
31
32
33
34
36
37
38
39
40
41
42
100
101
102
103
104
105
106
125
126
127
128
129
130
131
132
150
164
165
166
167
168
169
170
171
172
173
174
175
176
177
178
180
181
182
184
190
191
192
193
194
210
211
212
213
214
215
218
219
220
221
222
223
224
245
246
247
248
249
250
251
252
253
273
274
275
276
277
278
279
280
295
296
297
298
299
319
320
321
322
323
324
325
326
327
328
329
330
339
340
341
342
343
344
345
346
347
348
349
350
351
352
353
370
371
372
373
374
375
376
377
393
394
395
396
397
398
399
400
401
402
403
404
405
410
411
412
413
414
415
416
417
419
425
436
437
438
439
440
441
442
443
444
445
446
447
449
463
465
466
467
468
469
470
471
472
473
474
475
476
478
479
480
481
482
483
484
485
486
487
488
489
490
491
492
493
494
495
496
497
498
499
500
501
502
503
504
506
507
508
509
510
512
514
515
517
518
519
520
550
568
569
570
571
572
573
574
575
599
600
601
630
631
632
633
634
635
636
637
648
649
650
651
670
671
672
673
674
675
685
686
687
690
691
697
698
699
700
701
702
703
704
720
721
722
723
724
725
726
727
728
729
748
749
750
752
754
756
759
760
762
763
